:25.0,25.0,0.0,5.831,27.56,5.686,994.451,5.635,46.592,5.66,0.23392735,5.592,1.0,1.0,100.0,1.0,1.0,-0.054,-4.656,157.755,-1.0,-1.0,0.0,-28.068,8.181,95.291,-28.068,8.181,95.291,0.0,8.181,95.291,0.0,-83.721,95.291,0.0,-83.721,-133.376,0.0,-83.721,-133.376,124.968,-83.721,-133.376,124.968,0.0,-133.376,124.968,0.0,-146.64,124.968,0.0,-146.64,-128.961,0.0,-146.64,-128.961,118.315,-146.64,-128.961,118.315,0.0,-128.961,118.315,0.0,-251.262,118.315,0.0,-251.262,-124.663,0.0,-251.262,-124.663,88.223,-251.262,-124.663,88.223,0.0,-124.663,88.223,0.0,-33.639,88.223,0.0,-33.639,-78.999;
:25.0,25.0,0.0,7.375,27.55,7.237,994.442,7.187,46.642,7.212,9.655302,7.146,1.0,1.0,100.0,1.0,1.0,-0.084,-6.04,157.349,-1.0,-1.0,0.0,-25.23,5.104,102.537,-25.23,5.104,102.537,0.0,5.104,102.537,0.0,-82.302,102.537,0.0,-82.302,-136.71,0.0,-82.302,-136.71,119.704,-82.302,-136.71,119.704,0.0,-136.71,119.704,0.0,-144.565,119.704,0.0,-144.565,-131.383,0.0,-144.565,-131.383,114.562,-144.565,-131.383,114.562,0.0,-131.383,114.562,0.0,-247.112,114.562,0.0,-247.112,-126.226,0.0,-247.112,-126.226,86.908,-247.112,-126.226,86.908,0.0,-126.226,86.908,0.0,-31.88,86.908,0.0,-31.88,-82.534;
:25.0,25.0,0.0,7.761,27.55,7.622,994.366,7.57,45.911,7.595,9.655302,7.531,1.0,1.0,100.0,1.0,1.0,-0.092,-6.603,157.501,-1.0,-1.0,0.0,-28.343,7.938,113.825,-28.343,7.938,113.825,0.0,7.938,113.825,0.0,-87.666,113.825,0.0,-87.666,-130.778,0.0,-87.666,-130.778,110.432,-87.666,-130.778,110.432,0.0,-130.778,110.432,0.0,-152.318,110.432,0.0,-152.318,-125.035,0.0,-152.318,-125.035,107.967,-152.318,-125.035,107.967,0.0,-125.035,107.967,0.0,-261.813,107.967,0.0,-261.813,-119.485,0.0,-261.813,-119.485,84.159,-261.813,-119.485,84.159,0.0,-119.485,84.159,0.0,-35.874,84.159,0.0,-35.874,-78.834;
:25.0,25.0,0.0,8.136,27.57,7.992,994.463,7.942,46.004,7.967,9.809965,7.896,1.0,1.0,100.0,1.0,1.0,-0.098,-7.201,157.29,-1.0,-1.0,0.0,-29.534,4.618,102.844,-29.534,4.618,102.844,0.0,4.618,102.844,0.0,-87.662,102.844,0.0,-87.662,-136.949,0.0,-87.662,-136.949,119.706,-87.662,-136.949,119.706,0.0,-136.949,119.706,0.0,-152.42,119.706,0.0,-152.42,-131.688,0.0,-152.42,-131.688,114.598,-152.42,-131.688,114.598,0.0,-131.688,114.598,0.0,-262.068,114.598,0.0,-262.068,-126.592,0.0,-262.068,-126.592,86.974,-262.068,-126.592,86.974,0.0,-126.592,86.974,0.0,-36.213,86.974,0.0,-36.213,-82.975;
:25.0,25.0,0.0,8.547,27.58,8.398,994.444,8.348,45.903,8.373,9.655302,8.302,1.0,1.0,100.0,1.0,1.0,-0.108,-7.822,157.332,-1.0,-1.0,0.0,-25.363,-15.851,104.979,-25.363,-15.851,104.979,0.0,-15.851,104.979,0.0,-89.42,104.979,0.0,-89.42,-169.52,0.0,-89.42,-169.52,117.473,-89.42,-169.52,117.473,0.0,-169.52,117.473,0.0,-154.589,117.473,0.0,-154.589,-159.417,0.0,-154.589,-159.417,112.922,-154.589,-159.417,112.922,0.0,-159.417,112.922,0.0,-265.659,112.922,0.0,-265.659,-149.921,0.0,-265.659,-149.921,86.203,-265.659,-149.921,86.203,0.0,-149.921,86.203,0.0,-35.919,86.203,0.0,-35.919,-108.987;
:25.0,25.0,0.0,8.917,27.57,8.788,994.423,8.738,46.294,8.763,0.17090933,8.696,1.0,1.0,100.0,1.0,1.0,-0.11,-7.824,157.51,-1.0,-1.0,0.0,-25.985,-21.342,99.214,-25.985,-21.342,99.214,0.0,-21.342,99.214,0.0,-90.829,99.214,0.0,-90.829,-180.908,0.0,-90.829,-180.908,122.356,-90.829,-180.908,122.356,0.0,-180.908,122.356,0.0,-156.678,122.356,0.0,-156.678,-169.787,0.0,-156.678,-169.787,116.479,-156.678,-169.787,116.479,0.0,-169.787,116.479,0.0,-269.648,116.479,0.0,-269.648,-159.397,0.0,-269.648,-159.397,87.647,-269.648,-159.397,87.647,0.0,-159.397,87.647,0.0,-36.864,87.647,0.0,-36.864,-116.942;
:25.0,25.0,0.0,9.309,27.55,9.164,994.441,9.115,45.704,9.139,9.499652,9.067,1.0,1.0,100.0,1.0,1.0,-0.116,-8.104,157.89,-1.0,-1.0,0.0,-29.691,-24.017,98.372,-29.691,-24.017,98.372,0.0,-24.017,98.372,0.0,-96.349,98.372,0.0,-96.349,-185.575,0.0,-96.349,-185.575,123.096,-96.349,-185.575,123.096,0.0,-185.575,123.096,0.0,-164.951,123.096,0.0,-164.951,-173.824,0.0,-164.951,-173.824,117.026,-164.951,-173.824,117.026,0.0,-173.824,117.026,0.0,-286.163,117.026,0.0,-286.163,-162.886,0.0,-286.163,-162.886,87.869,-286.163,-162.886,87.869,0.0,-162.886,87.869,0.0,-41.037,87.869,0.0,-41.037,-120.555;
:25.0,25.0,0.0,9.698,27.57,9.57,994.473,9.52,46.724,9.545,0.31119445,9.476,1.0,1.0,100.0,1.0,1.0,-0.13,-8.464,157.467,-1.0,-1.0,0.0,-26.581,-27.526,86.208,-26.581,-27.526,86.208,0.0,-27.526,86.208,0.0,-90.507,86.208,0.0,-90.507,-194.81,0.0,-90.507,-194.81,132.548,-90.507,-194.81,132.548,0.0,-194.81,132.548,0.0,-156.227,132.548,0.0,-156.227,-183.345,0.0,-156.227,-183.345,123.988,-156.227,-183.345,123.988,0.0,-183.345,123.988,0.0,-268.913,123.988,0.0,-268.913,-172.653,0.0,-268.913,-172.653,90.35,-268.913,-172.653,90.35,0.0,-172.653,90.35,0.0,-36.902,90.35,0.0,-36.902,-125.885;
:25.0,25.0,0.0,10.089,27.55,9.96,994.479,9.909,45.698,9.934,0.18533483,9.866,1.0,1.0,100.0,1.0,1.0,-0.133,-8.466,157.755,-1.0,-1.0,0.0,-26.131,-35.974,85.14,-26.131,-35.974,85.14,0.0,-35.974,85.14,0.0,-92.424,85.14,0.0,-92.424,-213.266,0.0,-92.424,-213.266,133.64,-92.424,-213.266,133.64,0.0,-213.266,133.64,0.0,-158.945,133.64,0.0,-158.945,-198.911,0.0,-158.945,-198.911,124.84,-158.945,-198.911,124.84,0.0,-198.911,124.84,0.0,-273.916,124.84,0.0,-273.916,-185.734,0.0,-273.916,-185.734,90.707,-273.916,-185.734,90.707,0.0,-185.734,90.707,0.0,-37.795,90.707,0.0,-37.795,-138.916;
:25.0,25.0,0.0,10.494,27.57,10.35,994.452,10.3,45.757,10.325,0.22653477,10.257,1.0,1.0,100.0,1.0,1.0,-0.147,-8.737,157.695,-1.0,-1.0,0.0,-26.976,-32.591,90.119,-26.976,-32.591,90.119,0.0,-32.591,90.119,0.0,-93.492,90.119,0.0,-93.492,-204.236,0.0,-93.492,-204.236,129.128,-93.492,-204.236,129.128,0.0,-204.236,129.128,0.0,-160.494,129.128,0.0,-160.494,-190.562,0.0,-160.494,-190.562,121.393,-160.494,-190.562,121.393,0.0,-190.562,121.393,0.0,-277.108,121.393,0.0,-277.108,-177.971,0.0,-277.108,-177.971,89.354,-277.108,-177.971,89.354,0.0,-177.971,89.354,0.0,-38.697,89.354,0.0,-38.697,-133.245;
:25.0,25.0,0.0,10.858,27.57,10.719,994.481,10.67,45.798,10.695,9.96464,10.627,1.0,1.0,100.0,1.0,1.0,-0.157,-9.015,157.712,-1.0,-1.0,0.0,-24.857,-33.174,84.296,-24.857,-33.174,84.296,0.0,-33.174,84.296,0.0,-89.292,84.296,0.0,-89.292,-205.935,0.0,-89.292,-205.935,133.607,-89.292,-205.935,133.607,0.0,-205.935,133.607,0.0,-154.274,133.607,0.0,-154.274,-193.013,0.0,-154.274,-193.013,124.731,-154.274,-193.013,124.731,0.0,-193.013,124.731,0.0,-264.983,124.731,0.0,-264.983,-181.061,0.0,-264.983,-181.061,90.506,-264.983,-181.061,90.506,0.0,-181.061,90.506,0.0,-35.749,90.506,0.0,-35.749,-133.884;
:25.0,25.0,0.0,11.255,27.59,11.113,994.434,11.062,46.461,11.088,9.805018,11.016,1.0,1.0,100.0,1.0,1.0,-0.187,-9.616,157.721,-1.0,-1.0,0.0,-20.798,-52.276,71.616,-20.798,-52.276,71.616,0.0,-52.276,71.616,0.0,-87.225,71.616,0.0,-87.225,-256.405,0.0,-87.225,-256.405,144.305,-87.225,-256.405,144.305,0.0,-256.405,144.305,0.0,-151.026,144.305,0.0,-151.026,-236.594,0.0,-151.026,-236.594,133.033,-151.026,-236.594,133.033,0.0,-236.594,133.033,0.0,-258.192,133.033,0.0,-258.192,-218.872,0.0,-258.192,-218.872,93.612,-258.192,-218.872,93.612,0.0,-218.872,93.612,0.0,-33.314,93.612,0.0,-33.314,-166.18;
:25.0,25.0,0.0,11.645,27.58,11.503,994.451,11.454,45.775,11.479,9.805018,11.405,1.0,1.0,100.0,1.0,1.0,-0.208,-9.894,157.687,-1.0,-1.0,0.0,-21.291,-50.724,72.466,-21.291,-50.724,72.466,0.0,-50.724,72.466,0.0,-87.4,72.466,0.0,-87.4,-250.896,0.0,-87.4,-250.896,143.707,-87.4,-250.896,143.707,0.0,-250.896,143.707,0.0,-151.314,143.707,0.0,-151.314,-232.133,0.0,-151.314,-232.133,132.573,-151.314,-232.133,132.573,0.0,-232.133,132.573,0.0,-258.764,132.573,0.0,-258.764,-215.266,0.0,-258.764,-215.266,93.46,-258.764,-215.266,93.46,0.0,-215.266,93.46,0.0,-33.556,93.46,0.0,-33.556,-162.956;
:25.0,25.0,0.0,12.031,27.59,11.892,994.459,11.842,46.208,11.867,9.81367,11.794,1.0,1.0,100.0,1.0,1.0,-0.247,-10.483,157.662,-1.0,-1.0,0.0,-22.15,-54.84,65.924,-22.15,-54.84,65.924,0.0,-54.84,65.924,0.0,-88.416,65.924,0.0,-88.416,-263.733,0.0,-88.416,-263.733,149.289,-88.416,-263.733,149.289,0.0,-263.733,149.289,0.0,-152.82,149.289,0.0,-152.82,-243.72,0.0,-152.82,-243.72,137.024,-152.82,-243.72,137.024,0.0,-243.72,137.024,0.0,-261.652,137.024,0.0,-261.652,-225.816,0.0,-261.652,-225.816,95.225,-261.652,-225.816,95.225,0.0,-225.816,95.225,0.0,-34.38,95.225,0.0,-34.38,-170.386;
:25.0,25.0,0.0,12.415,27.59,12.273,994.424,12.222,46.257,12.248,9.650276,12.179,1.0,1.0,100.0,1.0,1.0,-0.271,-10.752,157.645,-1.0,-1.0,0.0,-21.927,-79.626,57.098,-21.927,-79.626,57.098,0.0,-79.626,57.098,0.0,-93.746,57.098,0.0,-93.746,-351.651,0.0,-93.746,-351.651,157.003,-93.746,-351.651,157.003,0.0,-351.651,157.003,0.0,-160.279,157.003,0.0,-160.279,-313.52,0.0,-160.279,-313.52,143.343,-160.279,-313.52,143.343,0.0,-313.52,143.343,0.0,-275.294,143.343,0.0,-275.294,-281.693,0.0,-275.294,-281.693,97.997,-275.294,-281.693,97.997,0.0,-281.693,97.997,0.0,-37.264,97.997,0.0,-37.264,-220.877;
:25.0,25.0,0.0,12.802,27.57,12.676,994.398,12.626,46.496,12.65,9.805018,12.583,1.0,1.0,100.0,1.0,1.0,-0.303,-11.029,157.746,-1.0,-1.0,0.0,-19.488,-85.143,57.292,-19.488,-85.143,57.292,0.0,-85.143,57.292,0.0,-91.732,57.292,0.0,-91.732,-373.618,0.0,-91.732,-373.618,156.55,-91.732,-373.618,156.55,0.0,-373.618,156.55,0.0,-157.082,156.55,0.0,-157.082,-329.845,0.0,-157.082,-329.845,142.949,-157.082,-329.845,142.949,0.0,-329.845,142.949,0.0,-268.723,142.949,0.0,-268.723,-293.988,0.0,-268.723,-293.988,97.771,-268.723,-293.988,97.771,0.0,-293.988,97.771,0.0,-35.45,97.771,0.0,-35.45,-232.852;
:25.0,25.0,0.0,13.235,27.54,13.086,994.414,13.03,45.006,13.056,9.965815,12.983,1.0,1.0,100.0,1.0,1.0,-0.366,-11.585,157.417,0.0,0.0,0.0,-18.64,-90.034,69.125,-18.64,-90.034,69.125,0.0,-90.034,69.125,0.0,-93.93,69.125,0.0,-93.93,-387.59,0.0,-93.93,-387.59,146.693,-93.93,-387.59,146.693,0.0,-387.59,146.693,0.0,-159.995,146.693,0.0,-159.995,-336.631,0.0,-159.995,-336.631,134.954,-159.995,-336.631,134.954,0.0,-336.631,134.954,0.0,-273.656,134.954,0.0,-273.656,-295.992,0.0,-273.656,-295.992,94.418,-273.656,-295.992,94.418,0.0,-295.992,94.418,0.0,-36.417,94.418,0.0,-36.417,-243.039;
:25.0,25.0,0.0,13.627,27.56,13.475,994.445,13.421,45.9,13.447,9.805018,13.378,1.0,1.0,100.0,1.0,1.0,-0.424,-12.185,158.016,0.0,0.0,0.0,-22.553,-71.539,80.855,-22.553,-71.539,80.855,0.0,-71.539,80.855,0.0,-96.485,80.855,0.0,-96.485,-306.952,0.0,-96.485,-306.952,137.281,-96.485,-306.952,137.281,0.0,-306.952,137.281,0.0,-164.146,137.281,0.0,-164.146,-274.556,0.0,-164.146,-274.556,127.631,-164.146,-274.556,127.631,0.0,-274.556,127.631,0.0,-282.443,127.631,0.0,-282.443,-247.133,0.0,-282.443,-247.133,91.746,-282.443,-247.133,91.746,0.0,-247.133,91.746,0.0,-38.971,91.746,0.0,-38.971,-200.328;
:25.0,25.0,0.0,13.982,27.56,13.854,994.434,13.801,46.301,13.827,9.659066,13.758,1.0,1.0,100.0,1.0,1.0,-0.468,-12.801,157.898,0.0,0.0,0.0,-21.682,-68.692,88.48,-21.682,-68.692,88.48,0.0,-68.692,88.48,0.0,-95.778,88.48,0.0,-95.778,-293.218,0.0,-95.778,-293.218,130.597,-95.778,-293.218,130.597,0.0,-293.218,130.597,0.0,-162.944,130.597,0.0,-162.944,-262.459,0.0,-162.944,-262.459,122.509,-162.944,-262.459,122.509,0.0,-262.459,122.509,0.0,-279.969,122.509,0.0,-279.969,-236.309,0.0,-279.969,-236.309,89.791,-279.969,-236.309,89.791,0.0,-236.309,89.791,0.0,-38.379,89.791,0.0,-38.379,-193.468;
:25.0,25.0,0.0,14.346,27.56,14.216,994.443,14.163,45.91,14.188,9.805018,14.119,1.0,1.0,100.0,1.0,1.0,-0.5,-13.36,158.109,0.0,0.0,0.0,-27.305,-54.051,98.674,-27.305,-54.051,98.674,0.0,-54.051,98.674,0.0,-101.345,98.674,0.0,-101.345,-246.896,0.0,-101.345,-246.896,123.102,-101.345,-246.896,123.102,0.0,-246.896,123.102,0.0,-171.727,123.102,0.0,-171.727,-224.605,0.0,-171.727,-224.605,117.064,-171.727,-224.605,117.064,0.0,-224.605,117.064,0.0,-298.254,117.064,0.0,-298.254,-204.971,0.0,-298.254,-204.971,87.937,-298.254,-204.971,87.937,0.0,-204.971,87.937,0.0,-43.044,87.937,0.0,-43.044,-165.463;
:25.0,25.0,0.0,14.709,27.57,14.579,994.464,14.526,46.094,14.551,9.801311,14.483,1.0,1.0,100.0,1.0,1.0,-0.522,-13.944,158.118,0.0,0.0,0.0,-25.912,-38.872,101.141,-25.912,-38.872,101.141,0.0,-38.872,101.141,0.0,-94.744,101.141,0.0,-94.744,-209.709,0.0,-94.744,-209.709,120.975,-94.744,-209.709,120.975,0.0,-209.709,120.975,0.0,-162.053,120.975,0.0,-162.053,-194.5,0.0,-162.053,-194.5,115.5,-162.053,-194.5,115.5,0.0,-194.5,115.5,0.0,-279.303,115.5,0.0,-279.303,-180.616,0.0,-279.303,-180.616,87.305,-279.303,-180.616,87.305,0.0,-180.616,87.305,0.0,-39.039,87.305,0.0,-39.039,-139.969;
:25.0,25.0,0.0,15.071,27.55,14.942,994.432,14.889,46.36,14.914,9.824712,14.846,1.0,1.0,100.0,1.0,1.0,-0.54,-14.525,157.966,0.0,0.0,0.0,-30.631,-25.702,100.701,-30.631,-25.702,100.701,0.0,-25.702,100.701,0.0,-96.412,100.701,0.0,-96.412,-182.661,0.0,-96.412,-182.661,121.327,-96.412,-182.661,121.327,0.0,-182.661,121.327,0.0,-164.909,121.327,0.0,-164.909,-172.099,0.0,-164.909,-172.099,115.755,-164.909,-172.099,115.755,0.0,-172.099,115.755,0.0,-285.761,115.755,0.0,-285.761,-162.198,0.0,-285.761,-162.198,87.404,-285.761,-162.198,87.404,0.0,-162.198,87.404,0.0,-41.416,87.404,0.0,-41.416,-120.221;
:25.0,25.0,0.0,15.44,27.56,15.309,994.476,15.254,46.118,15.281,9.670284,15.21,1.0,1.0,100.0,1.0,1.0,-0.554,-15.127,158.118,0.0,0.0,0.0,-35.786,-8.522,108.568,-35.786,-8.522,108.568,0.0,-8.522,108.568,0.0,-98.928,108.568,0.0,-98.928,-151.664,0.0,-98.928,-151.664,114.794,-98.928,-151.664,114.794,0.0,-151.664,114.794,0.0,-168.99,114.794,0.0,-168.99,-144.728,0.0,-168.99,-144.728,111.047,-168.99,-144.728,111.047,0.0,-144.728,111.047,0.0,-294.768,111.047,0.0,-294.768,-138.079,0.0,-294.768,-138.079,85.483,-294.768,-138.079,85.483,0.0,-138.079,85.483,0.0,-44.422,85.483,0.0,-44.422,-97.059;
:25.0,25.0,0.0,15.835,27.57,15.683,994.397,15.626,46.535,15.655,9.655302,15.585,1.0,1.0,100.0,1.0,1.0,-0.561,-15.759,158.228,0.0,0.0,0.0,-36.373,-3.886,113.02,-36.373,-3.886,113.02,0.0,-3.886,113.02,0.0,-98.836,113.02,0.0,-98.836,-143.572,0.0,-98.836,-143.572,110.904,-98.836,-143.572,110.904,0.0,-143.572,110.904,0.0,-168.864,110.904,0.0,-168.864,-137.312,0.0,-168.864,-137.312,108.269,-168.864,-137.312,108.269,0.0,-137.312,108.269,0.0,-294.661,108.269,0.0,-294.661,-131.283,0.0,-294.661,-131.283,84.256,-294.661,-131.283,84.256,0.0,-131.283,84.256,0.0,-44.588,84.256,0.0,-44.588,-91.061;
:25.0,25.0,0.0,16.195,27.57,16.067,994.425,16.013,45.926,16.039,9.646509,15.972,1.0,1.0,100.0,1.0,1.0,-0.565,-16.431,157.932,0.0,0.0,0.0,-36.693,-2.905,118.08,-36.693,-2.905,118.08,0.0,-2.905,118.08,0.0,-99.932,118.08,0.0,-99.932,-141.323,0.0,-99.932,-141.323,106.829,-99.932,-141.323,106.829,0.0,-141.323,106.829,0.0,-170.529,106.829,0.0,-170.529,-134.918,0.0,-170.529,-134.918,105.453,-170.529,-134.918,105.453,0.0,-134.918,105.453,0.0,-298.062,105.453,0.0,-298.062,-128.753,0.0,-298.062,-128.753,83.026,-298.062,-128.753,83.026,0.0,-128.753,83.026,0.0,-45.267,83.026,0.0,-45.267,-89.747;
:25.0,25.0,0.0,16.551,27.55,16.423,994.467,16.371,45.471,16.396,9.659066,16.328,1.0,1.0,100.0,1.0,1.0,-0.566,-17.042,157.881,0.0,0.0,0.0,-32.706,-7.726,122.315,-32.706,-7.726,122.315,0.0,-7.726,122.315,0.0,-97.018,122.315,0.0,-97.018,-147.645,0.0,-97.018,-147.645,103.367,-97.018,-147.645,103.367,0.0,-147.645,103.367,0.0,-165.924,103.367,0.0,-165.924,-140.074,0.0,-165.924,-140.074,103.093,-165.924,-140.074,103.093,0.0,-140.074,103.093,0.0,-288.17,103.093,0.0,-288.17,-132.839,0.0,-288.17,-132.839,81.949,-288.17,-132.839,81.949,0.0,-132.839,81.949,0.0,-42.431,81.949,0.0,-42.431,-95.389;
:25.0,25.0,0.0,16.915,27.55,16.784,994.43,16.73,46.076,16.756,9.190383,16.688,1.0,1.0,100.0,1.0,1.0,-0.567,-17.61,157.755,0.0,0.0,0.0,-27.863,-18.412,119.562,-27.863,-18.412,119.562,0.0,-18.412,119.562,0.0,-93.309,119.562,0.0,-93.309,-164.301,0.0,-93.309,-164.301,105.488,-93.309,-164.301,105.488,0.0,-164.301,105.488,0.0,-160.112,105.488,0.0,-160.112,-154.735,0.0,-160.112,-154.735,104.513,-160.112,-154.735,104.513,0.0,-154.735,104.513,0.0,-276.056,104.513,0.0,-276.056,-145.711,0.0,-276.056,-145.711,82.579,-276.056,-145.711,82.579,0.0,-145.711,82.579,0.0,-38.912,82.579,0.0,-38.912,-108.666;
:25.0,25.0,0.0,17.277,27.54,17.148,994.48,17.095,45.798,17.12,9.805018,17.052,1.0,1.0,100.0,1.0,1.0,-0.569,-18.181,157.484,0.0,0.0,0.0,-25.974,-7.116,125.017,-25.974,-7.116,125.017,0.0,-7.116,125.017,0.0,-88.062,125.017,0.0,-88.062,-146.091,0.0,-88.062,-146.091,101.155,-88.062,-146.091,101.155,0.0,-146.091,101.155,0.0,-152.506,101.155,0.0,-152.506,-138.741,0.0,-152.506,-138.741,101.607,-152.506,-138.741,101.607,0.0,-138.741,101.607,0.0,-261.378,101.607,0.0,-261.378,-131.707,0.0,-261.378,-131.707,81.254,-261.378,-131.707,81.254,0.0,-131.707,81.254,0.0,-35.398,81.254,0.0,-35.398,-94.429;
:25.0,25.0,0.0,17.654,27.54,17.522,994.506,17.465,46.087,17.495,9.805018,17.421,1.0,1.0,100.0,1.0,1.0,-0.569,-18.749,157.484,0.0,0.0,0.0,-20.783,10.186,123.862,-20.783,10.186,123.862,0.0,10.186,123.862,0.0,-75.561,123.862,0.0,-75.561,-122.684,0.0,-75.561,-122.684,101.893,-75.561,-122.684,101.893,0.0,-122.684,101.893,0.0,-134.746,101.893,0.0,-134.746,-118.565,0.0,-134.746,-118.565,102.066,-134.746,-118.565,102.066,0.0,-118.565,102.066,0.0,-228.791,102.066,0.0,-228.791,-114.54,0.0,-228.791,-114.54,81.436,-228.791,-114.54,81.436,0.0,-114.54,81.436,0.0,-26.73,81.436,0.0,-26.73,-74.612;
:25.0,25.0,0.0,18.04,27.58,17.883,994.462,17.833,46.696,17.858,9.494543,17.792,1.0,1.0,100.0,1.0,1.0,-0.568,-19.266,157.704,0.0,0.0,0.0,-22.932,21.878,132.823,-22.932,21.878,132.823,0.0,21.878,132.823,0.0,-76.379,132.823,0.0,-76.379,-108.202,0.0,-76.379,-108.202,94.309,-76.379,-108.202,94.309,0.0,-108.202,94.309,0.0,-135.982,94.309,0.0,-135.982,-105.061,0.0,-135.982,-105.061,97.041,-135.982,-105.061,97.041,0.0,-105.061,97.041,0.0,-231.108,97.041,0.0,-231.108,-101.972,0.0,-231.108,-101.972,78.975,-231.108,-101.972,78.975,0.0,-101.972,78.975,0.0,-27.867,78.975,0.0,-27.867,-62.518;
:25.0,25.0,0.0,18.4,27.56,18.273,994.406,18.22,45.891,18.245,9.95977,18.179,1.0,1.0,100.0,1.0,1.0,-0.563,-19.866,157.907,0.0,0.0,0.0,-22.273,27.314,135.74,-22.273,27.314,135.74,0.0,27.314,135.74,0.0,-74.415,135.74,0.0,-74.415,-102.053,0.0,-74.415,-102.053,91.657,-74.415,-102.053,91.657,0.0,-102.053,91.657,0.0,-133.249,91.657,0.0,-133.249,-99.424,0.0,-133.249,-99.424,95.305,-133.249,-99.424,95.305,0.0,-99.424,95.305,0.0,-226.262,95.305,0.0,-226.262,-96.831,0.0,-226.262,-96.831,78.071,-226.262,-96.831,78.071,0.0,-96.831,78.071,0.0,-26.537,78.071,0.0,-26.537,-57.189;
:25.0,25.0,0.0,18.754,27.57,18.63,994.429,18.577,46.582,18.602,9.655302,18.536,1.0,1.0,100.0,1.0,1.0,-0.56,-20.379,157.543,0.0,0.0,0.0,-26.128,26.914,128.68,-26.128,26.914,128.68,0.0,26.914,128.68,0.0,-77.608,128.68,0.0,-77.608,-102.89,0.0,-77.608,-102.89,97.757,-77.608,-102.89,97.757,0.0,-102.89,97.757,0.0,-137.76,97.757,0.0,-137.76,-100.744,0.0,-137.76,-100.744,99.289,-137.76,-100.744,99.289,0.0,-100.744,99.289,0.0,-234.463,99.289,0.0,-234.463,-98.622,0.0,-234.463,-98.622,80.082,-234.463,-98.622,80.082,0.0,-98.622,80.082,0.0,-29.622,80.082,0.0,-29.622,-57.569;
:25.0,25.0,0.0,19.104,27.56,18.981,994.47,18.928,46.427,18.953,9.81367,18.883,1.0,1.0,100.0,1.0,1.0,-0.557,-20.924,157.577,0.0,0.0,0.0,-29.721,33.117,138.523,-29.721,33.117,138.523,0.0,33.117,138.523,0.0,-82.144,138.523,0.0,-82.144,-96.066,0.0,-82.144,-96.066,89.4,-82.144,-96.066,89.4,0.0,-96.066,89.4,0.0,-144.306,89.4,0.0,-144.306,-93.973,0.0,-144.306,-93.973,93.898,-144.306,-93.973,93.898,0.0,-93.973,93.898,0.0,-246.518,93.898,0.0,-246.518,-91.901,0.0,-246.518,-91.901,77.365,-246.518,-91.901,77.365,0.0,-91.901,77.365,0.0,-33.289,77.365,0.0,-33.289,-51.892;
:25.0,25.0,0.0,19.463,27.56,19.337,994.515,19.283,46.485,19.309,9.494543,19.24,1.0,1.0,100.0,1.0,1.0,-0.552,-21.477,157.704,0.0,0.0,0.0,-31.674,34.573,146.809,-31.674,34.573,146.809,0.0,34.573,146.809,0.0,-85.649,146.809,0.0,-85.649,-93.872,0.0,-85.649,-93.872,81.232,-85.649,-93.872,81.232,0.0,-93.872,81.232,0.0,-149.351,81.232,0.0,-149.351,-91.445,0.0,-149.351,-91.445,88.726,-149.351,-91.445,88.726,0.0,-91.445,88.726,0.0,-256.066,88.726,0.0,-256.066,-89.045,0.0,-256.066,-89.045,74.509,-256.066,-89.045,74.509,0.0,-89.045,74.509,0.0,-35.892,74.509,0.0,-35.892,-50.474;
:25.0,25.0,0.0,19.824,27.57,19.693,994.495,19.64,46.336,19.666,9.800085,19.597,1.0,1.0,100.0,1.0,1.0,-0.544,-22.063,157.636,0.0,0.0,0.0,-30.172,16.63,147.669,-30.172,16.63,147.669,0.0,16.63,147.669,0.0,-89.281,147.669,0.0,-89.281,-112.414,0.0,-89.281,-112.414,80.45,-89.281,-112.414,80.45,0.0,-112.414,80.45,0.0,-154.53,80.45,0.0,-154.53,-107.885,0.0,-154.53,-107.885,88.26,-154.53,-107.885,88.26,0.0,-107.885,88.26,0.0,-265.746,88.26,0.0,-265.746,-103.462,0.0,-265.746,-103.462,74.255,-265.746,-103.462,74.255,0.0,-103.462,74.255,0.0,-37.398,74.255,0.0,-37.398,-67.667;
:25.0,25.0,0.0,20.184,27.59,20.055,994.423,20.001,46.389,20.027,9.974326,19.958,1.0,1.0,100.0,1.0,1.0,-0.53,-22.661,157.586,0.0,0.0,0.0,-36.515,20.242,150.838,-36.515,20.242,150.838,0.0,20.242,150.838,0.0,-96.869,150.838,0.0,-96.869,-107.888,0.0,-96.869,-107.888,76.92,-96.869,-107.888,76.92,0.0,-107.888,76.92,0.0,-165.963,76.92,0.0,-165.963,-103.649,0.0,-165.963,-103.649,86.072,-165.963,-103.649,86.072,0.0,-103.649,86.072,0.0,-288.877,86.072,0.0,-288.877,-99.502,0.0,-288.877,-99.502,72.984,-288.877,-99.502,72.984,0.0,-99.502,72.984,0.0,-43.576,72.984,0.0,-43.576,-63.938;
:25.0,25.0,0.0,20.542,27.59,20.417,994.438,20.363,46.546,20.389,9.659066,20.319,1.0,1.0,100.0,1.0,1.0,-0.518,-23.279,157.628,0.0,0.0,0.0,-45.964,24.441,159.183,-45.964,24.441,159.183,0.0,24.441,159.183,0.0,-109.948,159.183,0.0,-109.948,-102.945,0.0,-109.948,-102.945,68.261,-109.948,-102.945,68.261,0.0,-102.945,68.261,0.0,-186.526,68.261,0.0,-186.526,-98.712,0.0,-186.526,-98.712,81.121,-186.526,-98.712,81.121,0.0,-98.712,81.121,0.0,-333.394,81.121,0.0,-333.394,-94.565,0.0,-333.394,-94.565,70.15,-333.394,-94.565,70.15,0.0,-94.565,70.15,0.0,-53.46,70.15,0.0,-53.46,-59.971;
:25.0,25.0,0.0,20.901,27.59,20.776,994.397,20.722,46.345,20.748,9.650276,20.68,1.0,1.0,100.0,1.0,1.0,-0.501,-23.932,157.603,0.0,0.0,0.0,-50.995,23.497,159.87,-50.995,23.497,159.87,0.0,23.497,159.87,0.0,-117.265,159.87,0.0,-117.265,-103.382,0.0,-117.265,-103.382,66.754,-117.265,-103.382,66.754,0.0,-103.382,66.754,0.0,-198.489,66.754,0.0,-198.489,-99.031,0.0,-198.489,-99.031,80.158,-198.489,-99.031,80.158,0.0,-99.031,80.158,0.0,-361.806,80.158,0.0,-361.806,-94.772,0.0,-361.806,-94.772,69.519,-361.806,-94.772,69.519,0.0,-94.772,69.519,0.0,-58.86,69.519,0.0,-58.86,-60.652;
:25.0,25.0,0.0,21.258,27.6,21.132,994.465,21.078,45.69,21.104,9.811158,21.035,1.0,1.0,100.0,1.0,1.0,-0.486,-24.61,157.94,0.0,0.0,0.0,-56.168,24.423,152.079,-56.168,24.423,152.079,0.0,24.423,152.079,0.0,-122.303,152.079,0.0,-122.303,-103.513,0.0,-122.303,-103.513,76.181,-122.303,-103.513,76.181,0.0,-103.513,76.181,0.0,-207.089,76.181,0.0,-207.089,-99.811,0.0,-207.089,-99.811,85.726,-207.089,-99.811,85.726,0.0,-99.811,85.726,0.0,-382.966,85.726,0.0,-382.966,-96.175,0.0,-382.966,-96.175,72.842,-382.966,-96.175,72.842,0.0,-96.175,72.842,0.0,-62.997,72.842,0.0,-62.997,-60.165;
:25.0,25.0,0.0,21.625,27.61,21.495,994.478,21.441,45.61,21.467,9.96464,21.397,1.0,1.0,100.0,1.0,1.0,-0.475,-25.309,158.033,0.0,0.0,0.0,-61.499,26.574,158.686,-61.499,26.574,158.686,0.0,26.574,158.686,0.0,-130.686,158.686,0.0,-130.686,-100.833,0.0,-130.686,-100.833,69.057,-130.686,-100.833,69.057,0.0,-100.833,69.057,0.0,-221.573,69.057,0.0,-221.573,-97.018,0.0,-221.573,-97.018,81.607,-221.573,-97.018,81.607,0.0,-97.018,81.607,0.0,-420.958,81.607,0.0,-420.958,-93.271,0.0,-420.958,-93.271,70.457,-420.958,-93.271,70.457,0.0,-93.271,70.457,0.0,-68.833,70.457,0.0,-68.833,-58.163;
:25.0,25.0,0.0,22.024,27.6,21.87,994.389,21.811,46.002,21.841,9.655302,21.77,1.0,1.0,100.0,1.0,1.0,-0.462,-26.029,157.771,0.0,0.0,0.0,-63.446,24.405,156.77,-63.446,24.405,156.77,0.0,24.405,156.77,0.0,-133.612,156.77,0.0,-133.612,-102.592,0.0,-133.612,-102.592,70.286,-133.612,-102.592,70.286,0.0,-102.592,70.286,0.0,-226.806,70.286,0.0,-226.806,-98.717,0.0,-226.806,-98.717,82.146,-226.806,-98.717,82.146,0.0,-98.717,82.146,0.0,-436.215,82.146,0.0,-436.215,-94.914,0.0,-436.215,-94.914,70.688,-436.215,-94.914,70.688,0.0,-94.914,70.688,0.0,-70.928,70.688,0.0,-70.928,-59.942;
:25.0,25.0,0.0,22.382,27.6,22.259,994.481,22.204,45.791,22.231,9.659066,22.16,1.0,1.0,100.0,1.0,1.0,-0.444,-26.835,157.484,0.0,0.0,0.0,-68.407,18.175,166.667,-68.407,18.175,166.667,0.0,18.175,166.667,0.0,-146.553,166.667,0.0,-146.553,-108.544,0.0,-146.553,-108.544,59.462,-146.553,-108.544,59.462,0.0,-108.544,59.462,0.0,-250.216,59.462,0.0,-250.216,-103.31,0.0,-250.216,-103.31,76.426,-250.216,-103.31,76.426,0.0,-103.31,76.426,0.0,-504.728,76.426,0.0,-504.728,-98.209,0.0,-504.728,-98.209,67.382,-504.728,-98.209,67.382,0.0,-98.209,67.382,0.0,-78.584,67.382,0.0,-78.584,-66.104;
:25.0,25.0,0.0,22.74,27.61,22.613,994.409,22.558,45.948,22.585,9.801311,22.519,1.0,1.0,100.0,1.0,1.0,-0.425,-27.545,157.983,0.0,0.0,0.0,-72.718,23.519,161.43,-72.718,23.519,161.43,0.0,23.519,161.43,0.0,-149.114,161.43,0.0,-149.114,-103.39,0.0,-149.114,-103.39,65.602,-149.114,-103.39,65.602,0.0,-103.39,65.602,0.0,-255.379,65.602,0.0,-255.379,-99.222,0.0,-255.379,-99.222,79.639,-255.379,-99.222,79.639,0.0,-99.222,79.639,0.0,-522.771,79.639,0.0,-522.771,-95.135,0.0,-522.771,-95.135,69.271,-522.771,-95.135,69.271,0.0,-95.135,69.271,0.0,-81.184,69.271,0.0,-81.184,-61.036;
:25.0,25.0,0.0,23.097,27.6,22.971,994.409,22.918,46.587,22.943,9.656514,22.872,1.0,1.0,100.0,1.0,1.0,-0.409,-28.297,157.797,0.0,0.0,0.0,-68.714,11.458,153.049,-68.714,11.458,153.049,0.0,11.458,153.049,0.0,-145.67,153.049,0.0,-145.67,-116.678,0.0,-145.67,-116.678,75.187,-145.67,-116.678,75.187,0.0,-116.678,75.187,0.0,-248.679,75.187,0.0,-248.679,-111.589,0.0,-248.679,-111.589,85.141,-248.679,-111.589,85.141,0.0,-111.589,85.141,0.0,-500.293,85.141,0.0,-500.293,-106.632,0.0,-500.293,-106.632,72.509,-500.293,-106.632,72.509,0.0,-106.632,72.509,0.0,-78.273,72.509,0.0,-78.273,-72.824;
:25.0,25.0,0.0,23.453,27.61,23.326,994.431,23.271,46.281,23.297,9.655302,23.229,1.0,1.0,100.0,1.0,1.0,-0.397,-29.027,157.721,0.0,0.0,0.0,-68.072,19.713,144.815,-68.072,19.713,144.815,0.0,19.713,144.815,0.0,-138.029,144.815,0.0,-138.029,-108.313,0.0,-138.029,-108.313,82.82,-138.029,-108.313,82.82,0.0,-108.313,82.82,0.0,-234.934,82.82,0.0,-234.934,-104.985,0.0,-234.934,-104.985,89.642,-234.934,-104.985,89.642,0.0,-104.985,89.642,0.0,-460.03,89.642,0.0,-460.03,-101.711,0.0,-460.03,-101.711,74.978,-460.03,-101.711,74.978,0.0,-101.711,74.978,0.0,-74.524,74.978,0.0,-74.524,-64.661;
:25.0,25.0,0.0,23.809,27.61,23.686,994.431,23.632,46.115,23.657,9.659066,23.591,1.0,1.0,100.0,1.0,1.0,-0.387,-29.761,157.425,0.0,0.0,0.0,-73.96,16.759,147.837,-73.96,16.759,147.837,0.0,16.759,147.837,0.0,-149.151,147.837,0.0,-149.151,-111.25,0.0,-149.151,-111.25,80.246,-149.151,-111.25,80.246,0.0,-111.25,80.246,0.0,-255.592,80.246,0.0,-255.592,-107.393,0.0,-255.592,-107.393,88.129,-255.592,-107.393,88.129,0.0,-107.393,88.129,0.0,-524.009,88.129,0.0,-524.009,-103.61,0.0,-524.009,-103.61,74.178,-524.009,-103.61,74.178,0.0,-103.61,74.178,0.0,-81.605,74.178,0.0,-81.605,-67.628;
:-230.0,-230.0,0.0,24.17,27.61,24.042,994.417,23.988,45.522,24.014,9.9682865,23.947,1.0,1.0,100.0,1.0,1.0,-0.377,-30.508,158.033,0.0,0.0,0.0,-67.295,7.867,142.464,-67.295,7.867,142.464,0.0,7.867,142.464,0.0,-140.933,142.464,0.0,-140.933,-121.288,0.0,-140.933,-121.288,85.586,-140.933,-121.288,85.586,0.0,-121.288,85.586,0.0,-240.051,85.586,0.0,-240.051,-116.757,0.0,-240.051,-116.757,91.456,-240.051,-116.757,91.456,0.0,-116.757,91.456,0.0,-474.283,91.456,0.0,-474.283,-112.332,0.0,-474.283,-112.332,76.033,-474.283,-112.332,76.033,0.0,-112.332,76.033,0.0,-75.604,76.033,0.0,-75.604,-76.46;
:-230.0,-230.0,0.0,24.528,27.61,24.4,994.427,24.346,46.006,24.372,9.656514,24.303,1.0,1.0,100.0,1.0,1.0,-0.368,-31.234,157.712,0.0,0.0,0.0,-64.047,-7.973,137.834,-64.047,-7.973,137.834,0.0,-7.973,137.834,0.0,-141.59,137.834,0.0,-141.59,-140.518,0.0,-141.59,-140.518,90.104,-141.59,-140.518,90.104,0.0,-140.518,90.104,0.0,-240.907,90.104,0.0,-240.907,-133.961,0.0,-240.907,-133.961,94.362,-240.907,-133.961,94.362,0.0,-133.961,94.362,0.0,-475.633,94.362,0.0,-475.633,-127.644,0.0,-475.633,-127.644,77.62,-475.633,-127.644,77.62,0.0,-127.644,77.62,0.0,-74.843,77.62,0.0,-74.843,-93.247;
:-230.0,-230.0,0.0,24.887,27.6,24.758,994.499,24.705,46.807,24.73,10.111933,24.662,1.0,1.0,100.0,1.0,1.0,-0.361,-31.976,157.603,0.0,0.0,0.0,-61.385,-14.926,138.925,-61.385,-14.926,138.925,0.0,-14.926,138.925,0.0,-140.613,138.925,0.0,-140.613,-149.2,0.0,-140.613,-149.2,89.039,-140.613,-149.2,89.039,0.0,-149.2,89.039,0.0,-238.885,89.039,0.0,-238.885,-141.429,0.0,-238.885,-141.429,93.668,-238.885,-141.429,93.668,0.0,-141.429,93.668,0.0,-468.919,93.668,0.0,-468.919,-134.0,0.0,-468.919,-134.0,77.244,-468.919,-134.0,77.244,0.0,-134.0,77.244,0.0,-73.526,77.244,0.0,-73.526,-100.943;
:25.0,25.0,0.0,25.252,27.6,25.123,994.459,25.069,46.627,25.095,9.81367,25.026,1.0,1.0,100.0,1.0,1.0,-0.349,-32.696,158.093,0.0,0.0,0.0,-63.755,-11.397,143.654,-63.755,-11.397,143.654,0.0,-11.397,143.654,0.0,-143.793,143.654,0.0,-143.793,-143.509,0.0,-143.793,-143.509,84.209,-143.793,-143.509,84.209,0.0,-143.509,84.209,0.0,-244.845,84.209,0.0,-244.845,-136.153,0.0,-244.845,-136.153,90.551,-244.845,-136.153,90.551,0.0,-136.153,90.551,0.0,-487.616,90.551,0.0,-487.616,-129.099,0.0,-487.616,-129.099,75.51,-487.616,-129.099,75.51,0.0,-129.099,75.51,0.0,-75.801,75.51,0.0,-75.801,-96.622;
:25.0,25.0,0.0,25.618,27.6,25.488,994.397,25.434,46.834,25.46,9.650276,25.39,1.0,1.0,100.0,1.0,1.0,-0.338,-33.439,158.169,0.0,0.0,0.0,-62.367,-11.711,139.143,-62.367,-11.711,139.143,0.0,-11.711,139.143,0.0,-140.026,139.143,0.0,-140.026,-144.2,0.0,-140.026,-144.2,88.406,-140.026,-144.2,88.406,0.0,-144.2,88.406,0.0,-238.02,88.406,0.0,-238.02,-137.284,0.0,-238.02,-137.284,93.191,-238.02,-137.284,93.191,0.0,-137.284,93.191,0.0,-467.325,93.191,0.0,-467.325,-130.636,0.0,-467.325,-130.636,76.935,-467.325,-130.636,76.935,0.0,-130.636,76.935,0.0,-73.585,76.935,0.0,-73.585,-96.934;
:25.0,25.0,0.0,25.98,27.62,25.851,994.412,25.797,46.405,25.823,9.805018,25.754,1.0,1.0,100.0,1.0,1.0,-0.329,-34.187,157.957,0.0,0.0,0.0,-62.969,-10.279,138.109,-62.969,-10.279,138.109,0.0,-10.279,138.109,0.0,-139.658,138.109,0.0,-139.658,-142.361,0.0,-139.658,-142.361,89.456,-139.658,-142.361,89.456,0.0,-142.361,89.456,0.0,-237.438,89.456,0.0,-237.438,-135.908,0.0,-237.438,-135.908,93.879,-237.438,-135.908,93.879,0.0,-135.908,93.879,0.0,-465.786,93.879,0.0,-465.786,-129.687,0.0,-465.786,-129.687,77.314,-465.786,-129.687,77.314,0.0,-129.687,77.314,0.0,-73.598,77.314,0.0,-73.598,-95.322;
:25.0,25.0,0.0,26.341,27.63,26.213,994.429,26.16,46.474,26.186,9.801311,26.117,1.0,1.0,100.0,1.0,1.0,-0.322,-34.912,157.932,0.0,0.0,0.0,-56.593,-15.132,133.218,-56.593,-15.132,133.218,0.0,-15.132,133.218,0.0,-130.197,133.218,0.0,-130.197,-148.949,0.0,-130.197,-148.949,93.73,-130.197,-148.949,93.73,0.0,-148.949,93.73,0.0,-220.465,93.73,0.0,-220.465,-142.21,0.0,-220.465,-142.21,96.623,-220.465,-142.21,96.623,0.0,-142.21,96.623,0.0,-417.647,96.623,0.0,-417.647,-135.729,0.0,-417.647,-135.729,78.729,-417.647,-135.729,78.729,0.0,-135.729,78.729,0.0,-67.016,78.729,0.0,-67.016,-100.67;
:25.0,25.0,0.0,26.712,27.63,26.581,994.461,26.526,46.453,26.553,9.801311,26.482,1.0,1.0,100.0,1.0,1.0,-0.317,-35.612,157.907,0.0,0.0,0.0,-52.996,-31.436,131.231,-52.996,-31.436,131.231,0.0,-31.436,131.231,0.0,-130.993,131.231,0.0,-130.993,-172.307,0.0,-130.993,-172.307,95.888,-130.993,-172.307,95.888,0.0,-172.307,95.888,0.0,-221.381,95.888,0.0,-221.381,-162.496,0.0,-221.381,-162.496,98.108,-221.381,-162.496,98.108,0.0,-162.496,98.108,0.0,-418.527,98.108,0.0,-418.527,-153.245,0.0,-418.527,-153.245,79.542,-418.527,-153.245,79.542,0.0,-153.245,79.542,0.0,-66.225,79.542,0.0,-66.225,-120.135;
